87383
87383
87383
87383
87383
87383
87383
87383
87383
87383
87383
87383
87383
87383
87383
87383
87383
87383
87383
87383
87383
87383
87383
87383
87383
87383
87383
87383
87383
87383
87383
87383
87383
87383
87383
87383
87383
87383
87383
87383
87383
87383
87383
87383
87383
87383
87383
87383
87383
87383
69410
69410
03932
03932
42175
42175
72964
72964
79383
79383
32644
32644
41968
41968
81600
81600
27645
27645
01668
01668
75898
75898
77571
77571
22542
22542
72782
72782
17620
17620
92981
92981
39558
39558
75112
75112
51791
51791
91591
91591
04022
04022
65795
65795
63699
63699
75494
75494
27113
27113
80431
80431
64559
64559
88391
88391
55111
55111
04232
04232
94571
94571
16108
16108
54769
54769
22363
22363
57267
57267
00473
00473
04415
04415
84529
84529
48108
48108
78257
78257
35750
35750
00125
00125
00972
00972
93238
93238
64992
64992
26438
26438
21189
21189
07732
07732
86970
86970
41073
41073
66933
66933
66770
66770
50246
50246
46424
46424
38644
38644
65703
65703
78450
78450
83540
83540
11965
11965
05537
05537
52013
52013
47316
47316
70356
70356
08017
08017
05198
05198
52850
52850
32733
32733
48057
48057
92573
92573
28092
28092
82209
82209
15080
15080
60040
60040
50477
50477
63942
63942
63699
63699
37038
37038
21904
21904
54520
54520
42624
42624
04285
04285
98545
98545
45667
45667
93307
93307
89293
89293
71254
71254
11866
11866
75828
75828
88178
88178
09520
09520
50685
50685
06968
06968
96858
96858
64049
64049
92490
92490
83954
83954
94863
94863
94473
94473
91415
91415
78605
78605
99132
99132
02286
02286
35966
35966
70494
70494
26640
26640
04531
04531
91108
91108
93350
93350
22759
22759
25047
25047
43325
43325
70480
70480
17455
17455
02114
02114
38097
38097
87095
87095
70293
70293
16126
16126
21448
21448
61963
61963
51151
51151
63751
63751
93326
93326
32975
32975
59964
59964
97770
97770
49281
49281
75247
75247
35139
35139
18632
18632
20320
20320
53244
53244
05033
05033
97922
97922
48038
48038
54522
54522
19480
19480
70414
70414
87957
87957
38298
38298
67236
67236
13390
13390
87356
87356
47911
47911
23899
23899
22741
22741
78572
78572
60094
60094
26927
26927
29191
29191
19948
19948
80098
80098
07838
07838
99141
99141
92233
92233
99877
99877
52352
52352
75256
75256
41706
41706
40313
40313
77828
77828
21701
21701
67649
67649
56787
56787
22710
22710
50739
50739
55263
55263
80172
80172
00887
00887
80085
80085
44102
44102
99870
99870
20899
20899
05744
05744
32309
32309
05564
05564
59870
59870
09832
09832
95878
95878
64883
64883
58778
58778
43222
43222
40261
40261
90977
90977
74673
74673
52360
52360
50760
50760
54182
54182
35043
35043
69885
69885
10637
10637
24575
24575
35391
35391
65522
65522
03354
03354
55063
55063
05265
05265
78539
78539
17813
17813
46367
46367
