02818
54478
72381
57115
25693
10835
75012
11873
77489
47260
79017
44430
52319
21105
52913
23813
76842
31444
10568
03418
13614
30495
17495
95397
11416
35994
95543
34691
72054
95628
66062
56731
46188
69130
53964
68539
77616
36351
19352
51133
06839
69679
44703
99098
53472
91474
90715
54601
30506
53551
83651
94749
51174
06174
58856
75619
02351
82503
04628
43636
26960
53768
91278
50035
64197
90351
61248
08953
39401
59193
51570
09310
79950
15627
91630
53280
85421
88694
21823
44203
80767
53919
03400
04499
36265
22656
72617
49669
20288
99731
54701
50468
32455
63597
13354
24797
43405
09675
