Achtung!
99592 99592
Achtung!
41643
78876
59277
54663
07540
19417
31570
57034
63797
17854
96337
05083
43211
89133
71676
17950
52524
85755
66506
75889
90350
81102
71299
20404
50074
24104
62215
81516
30755
14501
27876
21790
55166
88133
37523
32497
73511
02010
78983
83605
78828
06841
72071
50139
36680
83260
50776
76762
40723
10197
47518
03752
08360
13907
97104
83424
11062
09003
97425
06868
69668
69206
53582
76594
34026
55913
12475
73644
08582
20609
56297
09330
73318
82309
44604
94584
08306
65209
74282
39222
94676
94507
45127
19858
68940
33344
13298
36137
77043
60423
18019
23199
98824
46681
28922
13373
70086
22260
71915
91901
ende
